density_tools: 0.233245 84234 40.778 15.8136 1.73932e+06 50936.9 0.784934 0.161676 0.215386
density_tools: 0.237458 87050 35.5524 13.9048 1.54617e+06 47303.9 0.78783 0.132374 0.198795
density_tools: 0.24167 90032 31.4346 12.4452 1.37088e+06 44040.2 0.793048 0.112871 0.178826
density_tools: 0.245883 93350 28.1977 11.2823 1.21843e+06 41359.3 0.798622 0.0980329 0.173253
density_tools: 0.250095 96426 25.317 10.2715 1.08796e+06 39109.5 0.807158 0.0997987 0.182839
density_tools: 0.254308 99338 22.8548 9.3497 978159 37058.5 0.810201 0.0659337 0.172286
density_tools: 0.258521 103544 20.6793 8.51109 884916 35066.7 0.799906 0.0551648 0.157311
density_tools: 0.262733 105386 18.8886 7.79605 803968 33079.6 0.800157 0.0370341 0.152645
density_tools: 0.266946 110970 17.3012 7.22895 729298 31269.7 0.812649 0.0447758 0.155063
density_tools: 0.271158 112352 15.92 6.79842 656029 29786.9 0.821391 0.0413549 0.154134
density_tools: 0.275371 117986 14.6084 6.44577 584670 28465.5 0.82929 0.0191374 0.151318
density_tools: 0.279583 120050 13.4074 6.121 518578 27179.1 0.833623 0.0381333 0.151281
density_tools: 0.283796 124242 12.3011 5.80385 461024 25847.8 0.832469 0.0337585 0.155175
density_tools: 0.288008 127424 11.3269 5.48714 410986 24507.1 0.833832 0.0168011 0.141475
density_tools: 0.292221 132410 10.486 5.17564 366593 23300.7 0.839595 0.00465379 0.130306
density_tools: 0.296433 135014 9.74707 4.87665 325950 22291.1 0.845396 0.0199091 0.128685
density_tools: 0.300646 139512 9.10018 4.60044 288249 21398.6 0.845163 0.00114246 0.128795
density_tools: 0.304858 143522 8.47569 4.35905 253041 20538.9 0.843164 0.00478769 0.124858
density_tools: 0.309071 147386 7.88167 4.14594 220718 19595.2 0.848384 0.00612409 0.1351
density_tools: 0.313284 150776 7.3221 3.94673 192144 18578.2 0.850847 0.0191658 0.138646
density_tools: 0.317496 156042 6.81854 3.75434 168352 17617.5 0.851017 0.009391 0.12564
density_tools: 0.321709 159386 6.36645 3.5742 149312 16815.7 0.852798 0.00163952 0.0971494
density_tools: 0.325921 164738 5.96456 3.41292 133470 16179 0.857088 0.00267634 0.0837008
