18,-11.0876912087
19,-10.6988797101
20,-9.8939837367
21,-9.99980806719
22,-10.187755604
23,-10.0072694487
24,-10.024405125
25,-9.841101617
26,-9.51409968912
27,-9.52906426156
28,-9.58028664389
29,-9.57622451417
30,-9.60074012127
31,-9.41383841497
32,-9.41891960781
33,-9.67417278894
34,-9.51002990735
35,-9.55087542951
36,-9.65400129225
37,-9.46011089895
38,-9.42253964329
39,-9.35506504521
40,-9.56757389328
41,-9.42366063515
42,-9.53326109969
43,-9.54677814014
44,-9.59426992257
45,-9.50745492587
46,-9.60015963822
47,-9.50498618591
48,-9.4818946831
49,-9.39232838629
50,-9.4869104658
51,-9.36719899776
52,-9.42575313119
53,-9.437026939
54,-9.57464065402
55,-9.49089099307
56,-9.45744316698
57,-9.41699109456
58,-9.46030048698
59,-9.47674972997
60,-9.2985752769
61,-9.4401987457
62,-9.49520612163
63,-9.32837903803
64,-9.31507943909
65,-9.26350098378
66,-9.391640581
67,-9.37869305524
68,-9.35247841912
69,-9.42476904033
70,-9.39482347746
71,-9.38899385675
72,-9.45405527939
73,-9.47953219486
74,-9.50043980089
75,-9.47868531531
76,-9.53998118647
77,-9.53535738779
78,-9.47553637499
79,-9.53873005015
80,-9.56575775621
81,-9.64136800107
82,-9.59791838139
83,-9.68530421288
84,-9.66585683363
85,-9.54218066344
86,-9.59206527517
87,-9.6271752929
88,-9.68551563884
89,-9.67763311358
90,-9.56659964519
91,-9.56466261466
92,-9.5856396502
93,-9.57514108284
94,-9.52884635103
95,-9.47026740247
96,-9.43474976309
97,-9.38017342649
98,-9.35724578317
99,-9.31337490532
100,-9.32818028021
101,-9.32431955702
102,-9.20696865565
103,-9.13539587227
104,-8.98114137683
105,-9.00327766126
106,-8.92779272925
107,-8.83733366996
108,-8.76898619738
109,-8.64390963227
110,-8.57189817571
111,-8.65200987274
112,-8.71706525294
113,-8.55236844272
114,-8.46736746728
115,-8.42498881008
116,-8.32238811968
117,-8.33108516108
118,-8.28347240994
119,-8.21560332096
120,-8.24510922039
121,-8.2050273764
122,-8.15341297153
123,-8.11246018386
124,-8.27352540089
125,-8.1332886976
126,-8.11496935087
127,-7.98110741134
128,-7.92252748055
129,-7.87481172186
130,-7.87621127769
131,-7.82987258817
132,-7.75758208848
133,-7.74306228271
134,-7.70707208291
135,-7.67773759363
136,-7.76265996022
137,-7.69042501387
138,-7.59949093174
139,-7.6619854164
140,-7.68610536779
141,-7.64178409901
142,-7.55677372099
143,-7.5077623172
144,-7.49043839319
145,-7.39472837159
146,-7.35616368993
147,-7.31206957469
148,-7.31255935993
149,-7.30362095376
150,-7.24652216327
151,-7.20950418868
152,-7.18262743053
153,-7.10494350529
154,-7.0689437513
155,-6.98723282542
156,-6.94727542981
157,-6.93267147236
158,-6.91110124456
159,-6.9323135705
160,-6.92332358306
161,-6.89987333168
162,-6.84459077228
163,-6.7728453754
164,-6.70510742994
165,-6.69646462988
166,-6.65439300717
167,-6.6260176303
168,-6.59246110685
169,-6.58013422899
170,-6.55130505488
171,-6.51835299164
172,-6.49518219407
173,-6.46380042185
174,-6.40048407851
175,-6.3971242276
176,-6.34877906295
177,-6.35165568345
178,-6.30796080213
179,-6.27471058464
180,-6.26311077511
181,-6.24677356818
182,-6.21559905126
183,-6.20496171765
184,-6.18481329049
185,-6.17480106811
186,-6.16929525371
187,-6.14712516791
188,-6.11729918723
189,-6.12220211931
190,-6.08882135658
191,-6.08603603225
192,-6.06490591615
193,-6.0787209428
194,-6.07875546026
195,-6.03321567923
196,-6.0597226049
197,-6.01950799492
198,-6.05570720949
199,-6.05950377025
200,-6.09291121265
201,-6.11093986323
202,-6.08495700416
203,-6.0973918403
204,-6.07453686172
205,-6.08116270141
206,-6.09448058845
207,-6.14098284377
208,-6.1134428662
209,-6.1345658666
210,-6.15677768748
